[info]
version = 1
numobjects = 2
createdbysteamid = 76561197969378542
createdbyname = DeadlyKungFu.Ninja
savedtime = 1582736927

[objects]
model_1 = 200
x_1 = -78877.5546875
y_1 = -159897.0
z_1 = 3212.0
rx_1 = 0.0
ry_1 = 91.227470397949
rz_1 = 0.0
sx_1 = 1.784708738327
sy_1 = 0.90341991186142
sz_1 = 1.157440662384
model_2 = 332
x_2 = -78891.0625
y_2 = -159742.765625
z_2 = 3612.0
rx_2 = 0.0
ry_2 = 89.071327209473
rz_2 = 0.0
sx_2 = 0.99995636940002
sy_2 = 0.99995636940002
sz_2 = 0.99995636940002