[info]
version = 1
numobjects = 2
createdbysteamid = 76561197969378542
createdbyname = DeadlyKungFu.Ninja
savedtime = 1582743713

[objects]
model_1 = 51
x_1 = -78838.2109375
y_1 = -159468.90625
z_1 = 3213.3403320313
rx_1 = 0.0
ry_1 = 89.392417907715
rz_1 = 0.0
sx_1 = 0.99995636940002
sy_1 = 0.99995636940002
sz_1 = 0.99995636940002
model_2 = 50
x_2 = -78732.7421875
y_2 = -159469.25
z_2 = 3212.3679199219
rx_2 = 0.0
ry_2 = -89.183074951172
rz_2 = 0.0
sx_2 = 0.99995636940002
sy_2 = 0.99995636940002
sz_2 = 0.99995636940002