[info]
version = 1
numobjects = 7
createdbysteamid = 76561197969378542
createdbyname = DeadlyKungFu.Ninja
savedtime = 1582801326

[objects]
model_1 = 50
x_1 = -78752.3828125
y_1 = -160050.4375
z_1 = 3212.0
rx_1 = 0.0
ry_1 = -88.657531738281
rz_1 = 0.0
sx_1 = 0.99995636940002
sy_1 = 0.99995636940002
sz_1 = 0.99995636940002
model_2 = 200
x_2 = -77839.0859375
y_2 = -158847.296875
z_2 = 3407.384765625
rx_2 = 0.0
ry_2 = -88.02465057373
rz_2 = 0.0
sx_2 = 0.99995636940002
sy_2 = 0.99995636940002
sz_2 = 0.99995636940002
model_3 = 50
x_3 = -77966.6796875
y_3 = -159325.453125
z_3 = 3213.6662597656
rx_3 = -0.001284075435251
ry_3 = 93.228187561035
rz_3 = -0.0012817381648347
sx_3 = 0.99991273880005
sy_3 = 0.99991273880005
sz_3 = 0.99991273880005
model_4 = 50
x_4 = -77964.5234375
y_4 = -159225.40625
z_4 = 3213.3354492188
rx_4 = -0.0014070188626647
ry_4 = 95.476821899414
rz_4 = -0.0014038083609194
sx_4 = 0.99986910820007
sy_4 = 0.99986910820007
sz_4 = 0.99986910820007
model_5 = 51
x_5 = -77871.15625
y_5 = -159323.203125
z_5 = 3212.0
rx_5 = 0.0
ry_5 = -88.874137878418
rz_5 = 0.0
sx_5 = 0.99995636940002
sy_5 = 0.99995636940002
sz_5 = 0.99995636940002
model_6 = 51
x_6 = -77862.796875
y_6 = -159214.546875
z_6 = 3212.0
rx_6 = 0.0
ry_6 = -88.903861999512
rz_6 = 0.0
sx_6 = 0.99995636940002
sy_6 = 0.99995636940002
sz_6 = 0.99995636940002
model_7 = 51
x_7 = -78839.0
y_7 = -160047.234375
z_7 = 3212.0
rx_7 = 0.0
ry_7 = 90.941291809082
rz_7 = 0.0
sx_7 = 0.99995636940002
sy_7 = 0.99995636940002
sz_7 = 0.99995636940002