[info]
version = 1
numobjects = 1
createdbysteamid = 76561197969378542
createdbyname = OGK -- DeadlyKungFu.Ninja
savedtime = 1581163673

[objects]
model_1 = 335
x_1 = -14485.639648438
y_1 = 134627.171875
z_1 = 1615.0173339844
rx_1 = 0.0
ry_1 = 16.323127746582
rz_1 = 0.0
sx_1 = 0.99995636940002
sy_1 = 2.9600150585175
sz_1 = 3.384717464447