[info]
version = 1
numobjects = 5
createdbysteamid = 76561197969378542
createdbyname = OGK -- DeadlyKungFu.Ninja
savedtime = 1581272264

[objects]
model_1 = 1383
x_1 = 42120.27734375
y_1 = 205458.046875
z_1 = 452.96258544922
rx_1 = 0.0
ry_1 = 0.0
rz_1 = 0.0
sx_1 = 1.8720957040787
sy_1 = 0.99995636940002
sz_1 = 0.99995636940002
model_2 = 1667
x_2 = 42355.30078125
y_2 = 202196.375
z_2 = 574.13116455078
rx_2 = -0.0012499245349318
ry_2 = -0.0012207028921694
rz_2 = 88.572532653809
sx_2 = 0.99986910820007
sy_2 = 0.99986910820007
sz_2 = 0.99986910820007
model_3 = 1529
x_3 = 42047.375
y_3 = 203307.359375
z_3 = 465.92489624023
rx_3 = 0.0
ry_3 = 0.0
rz_3 = 0.0
sx_3 = 0.99995636940002
sy_3 = 0.99995636940002
sz_3 = 0.99995636940002
model_4 = 1529
x_4 = 41922.75390625
y_4 = 203337.140625
z_4 = 469.58871459961
rx_4 = 0.0
ry_4 = 0.0
rz_4 = 0.0
sx_4 = 0.99991273880005
sy_4 = 0.99991273880005
sz_4 = 0.99991273880005
model_5 = 1368
x_5 = 42243.57421875
y_5 = 205647.3125
z_5 = 463.35827636719
rx_5 = -3.0332047939301
ry_5 = 0.0
rz_5 = 0.0
sx_5 = 0.99995636940002
sy_5 = 0.99995636940002
sz_5 = 0.99995636940002